0003330000000000000000000000000003430003
0003400000000000000000000000000000430000
0003300000000000000000000000000000330000
0000300000000000000000000000000000330002
0003300000000000000000000000000000030000
0003000000000000000000000000000000032000
0003300000000000000000000444400000332000
0002300000441300000000004444440000232001
0003300004442330000000004434440000032023
1003000004444440000000000444444000033014
0043300004443440000000000444444000023024
2143300044443440000000004444340000034324
4344400044443230000000003444330000044444
4444400444443331100000333344343200034444
4444403444443331110003333334334220023444
4441443344443441111132333333444233033444
4441333444444441111434433333343333333444
4442143444444443111443343433333333333444
3444243443443443211433444333312333334444
3344444444333443311344444323333333344444
4444444444334444311444444323333223344444
4444444444334444311444444423333333333444
4444444444433444421444444441333333333444
4444444444433444441144444444133333333344
4444444444444444442244444444444444443344
4344444414441144443234444444444444442444
4444444413411344444434444444444444442444
4444444432001344444444444444444444442444
3444444433301244443434444444444444443444
3444444443303344444444443444444444444444
4444444444430444444444444444444444444444
4444444444444444444444444444444444442444
4444444444433434444444444444444444422444
4444404444332333444344443344444443322444
4344424444224333444024443444444443322444
4344434444344313444334443443434443223444
4344434444444322444334444343344444333444
3344304444442333443334444443344444333444
4344204444443343444333434443444444432044
4444334444443343444334343443444444430044
4444304444444444444333443444444444430044
4444004444444444443222443444444444430044
4444004444444444442323343444444444420044
4444023444444444443233443444444444430044
4444333444444444443133443444444444440044
4443210444444444430003234444444444444044
4441100444444444400000144444444444444344
4444000444444444000000044444444444442344
4440021444444440000000044444444444443344
0000000144444444222222244444444444443444
3323202044444444443333344444444444432344
4444444444444444444444444444444444443344
4444444444444444444444444444444444444444
2333330133444300000000023344433344444444
0022300000000000000000000000000000344444